Classification Report: 
              precision    recall  f1-score   support

           0       0.61      0.66      0.63       250
           1       0.76      0.85      0.80       250
           2       0.87      0.91      0.89       250
           3       0.82      0.88      0.85       250
           4       0.83      0.73      0.77       250
           5       0.69      0.76      0.72       250
           6       0.86      0.88      0.87       250
           7       0.94      0.90      0.92       250
           8       0.70      0.57      0.63       250
           9       0.81      0.74      0.77       250
          10       0.73      0.80      0.76       250
          11       0.86      0.89      0.87       250
          12       0.95      0.85      0.89       250
          13       0.81      0.84      0.83       250
          14       0.80      0.82      0.81       250
          15       0.72      0.70      0.71       250
          16       0.86      0.84      0.85       250
          17       0.75      0.69      0.72       250
          18       0.77      0.69      0.73       250
          19       0.82      0.83      0.82       250
          20       0.86      0.85      0.85       250
          21       0.67      0.75      0.71       250
          22       0.64      0.62      0.63       250
          23       0.94      0.88      0.90       250
          24       0.86      0.89      0.88       250
          25       0.82      0.91      0.86       250
          26       0.68      0.75      0.72       250
          27       0.88      0.90      0.89       250
          28       0.87      0.86      0.87       250
          29       0.90      0.88      0.89       250
          30       0.91      0.89      0.90       250
          31       0.85      0.84      0.85       250
          32       0.91      0.88      0.90       250
          33       0.98      0.99      0.98       250
          34       0.92      0.84      0.88       250
          35       0.92      0.86      0.89       250
          36       0.86      0.71      0.78       250
          37       0.70      0.60      0.65       250
          38       0.85      0.92      0.88       250
          39       0.60      0.62      0.61       250
          40       0.84      0.94      0.89       250
          41       0.82      0.86      0.84       250
          42       0.76      0.78      0.77       250
          43       0.79      0.88      0.83       250
          44       0.85      0.90      0.87       250
          45       0.92      0.88      0.90       250
          46       0.87      0.76      0.81       250
          47       0.78      0.74      0.76       250
          48       0.87      0.84      0.85       250
          49       0.71      0.82      0.76       250
          50       0.74      0.78      0.76       250
          51       0.93      0.90      0.91       250
          52       0.88      0.88      0.88       250
          53       0.80      0.82      0.81       250
          54       0.90      0.93      0.91       250
          55       0.85      0.88      0.86       250
          56       0.69      0.69      0.69       250
          57       0.81      0.74      0.78       250
          58       0.86      0.67      0.75       250
          59       0.80      0.74      0.77       250
          60       0.88      0.85      0.86       250
          61       0.94      0.89      0.92       250
          62       0.82      0.82      0.82       250
          63       0.98      0.95      0.96       250
          64       0.90      0.94      0.92       250
          65       0.88      0.90      0.89       250
          66       0.83      0.76      0.79       250
          67       0.74      0.67      0.70       250
          68       0.89      0.93      0.91       250
          69       0.94      0.93      0.94       250
          70       0.87      0.92      0.89       250
          71       0.90      0.79      0.84       250
          72       0.88      0.85      0.87       250
          73       0.79      0.77      0.78       250
          74       0.85      0.86      0.85       250
          75       0.88      0.93      0.90       250
          76       0.92      0.89      0.90       250
          77       0.54      0.62      0.58       250
          78       0.93      0.88      0.90       250
          79       0.74      0.86      0.80       250
          80       0.86      0.78      0.82       250
          81       0.89      0.81      0.85       250
          82       0.75      0.67      0.71       250
          83       0.87      0.87      0.87       250
          84       0.73      0.76      0.75       250
          85       0.81      0.82      0.81       250
          86       0.90      0.91      0.91       250
          87       0.67      0.79      0.72       250
          88       0.92      0.94      0.93       250
          89       0.71      0.80      0.75       250
          90       0.97      0.91      0.94       250
          91       0.93      0.94      0.93       250
          92       0.86      0.80      0.83       250
          93       0.57      0.50      0.53       250
          94       0.79      0.81      0.80       250
          95       0.88      0.87      0.87       250
          96       0.75      0.77      0.76       250
          97       0.88      0.91      0.90       250
          98       0.80      0.79      0.80       250
          99       0.57      0.78      0.66       250
         100       0.89      0.85      0.87       250

    accuracy                           0.82     25250
   macro avg       0.82      0.82      0.82     25250
weighted avg       0.82      0.82      0.82     25250